[FBX_META_DATA]
MeshCount: 1

[MESH_DATA]
VertexCount: 8
IndexCount: 12
BoneCount: 0
AnimationClips: 1

[VERTEX_DATA]
Position: -5 -2.38419e-007 -1.10128
Normal: -0 1 0
UV: 0.324673 0.524446

Position: -0 -2.38419e-007 -6.21725e-015
Normal: -0 1 0
UV: 0.324673 0.524446

Position: -5 -2.38419e-007 -2.22045e-015
Normal: -0 1 0
UV: 0.324673 0.524446

Position: -0 -2.38419e-007 -1.10128
Normal: -0 1 0
UV: 0.324673 0.524446

Position: -0 -3 -1.10128
Normal: -0 0 -1
UV: 0.203416 0.524446

Position: -0 -2.38419e-007 -1.10128
Normal: -0 0 -1
UV: 0.203416 0.524446

Position: -5 -3 -1.10128
Normal: -0 0 -1
UV: 0.203416 0.524446

Position: -5 -2.38419e-007 -1.10128
Normal: -0 0 -1
UV: 0.203416 0.524446


[INDEX_DATA]
0 2 1
1 3 0
4 6 5
6 7 5

