[FBX_META_DATA]
MeshCount: 1

[MESH_DATA]
VertexCount: 4
IndexCount: 6
BoneCount: 0
AnimationClips: 1

[VERTEX_DATA]
Position: -40 0 0
Normal: -0 1 0
UV: 0.290986 0.578794

Position: -40 -3.47333e-013 -40
Normal: -0 1 0
UV: 0.290986 0.580356

Position: -0 0 0
Normal: -0 1 0
UV: 0.292548 0.578794

Position: -0 -3.47333e-013 -40
Normal: -0 1 0
UV: 0.292548 0.580356


[INDEX_DATA]
0 2 1
2 3 1

